AAnr	Atomnr
1	1
1	2
2	3
3	4
3	5
4	6
4	7
5	8
5	9
5	10
6	11
6	12
7	13
7	14
8	15
8	16
9	17
10	18
10	19
11	20
11	21
12	22
12	23
12	24
12	25
13	26
14	27
14	28
15	29
15	30
16	31
16	32
17	33
18	34
18	35
19	36
19	37
20	38
21	39
21	40
22	41
22	42
22	43
22	44
23	45
23	46
24	47
24	48
24	49
24	50
25	51
26	52
26	53
26	54
26	55
27	56
27	57
28	58
28	59
29	60
30	61
30	62
31	63
31	64
32	65
32	66
33	67
34	68
34	69
35	70
35	71
36	72
36	73
36	74
37	75
37	76
38	77
38	78
39	79
39	80
39	81
40	82
40	83
41	84
41	85
41	86
41	87
42	88
42	89
43	90
43	91
44	92
44	93
44	94
45	95
45	96
46	97
46	98
47	99
47	100
48	101
48	102
49	103
49	104
49	105
50	106
51	107
51	108
52	109
53	110
53	111
54	112
54	113
55	114
55	115
56	116
56	117
57	118
57	119
58	120
58	121
59	122
59	123
60	124
60	125
61	126
61	127
62	128
62	129
63	130
63	131
63	132
63	133
63	134
64	135
64	136
65	137
65	138
66	139
66	140
67	141
67	142
68	143
69	144
69	145
70	146
70	147
70	148
70	149
71	150
71	151
72	152
72	153
73	154
74	155
75	156
75	157
76	158
76	159
77	160
78	161
78	162
79	163
79	164
79	165
79	166
80	167
80	168
81	169
81	170
82	171
83	172
83	173
84	174
84	175
84	176
84	177
85	178
85	179
86	180
86	181
87	182
87	183
87	184
88	185
88	186
88	187
88	188
89	189
90	190
90	191
90	192
91	193
91	194
91	195
92	196
92	197
93	198
93	199
94	200
94	201
95	202
95	203
96	204
96	205
97	206
97	207
98	208
98	209
99	210
99	211
100	212
100	213
101	214
102	215
102	216
103	217
103	218
104	219
105	220
106	221
106	222
107	223
107	224
107	225
107	226
108	227
108	228
109	229
110	230
110	231
111	232
111	233
112	234
112	235
112	236
113	237
113	238
114	239
115	240
115	241
115	242
116	243
116	244
117	245
117	246
118	247
118	248
119	249
119	250
120	251
120	252
121	253
121	254
122	255
122	256
123	257
124	258
124	259
124	260
125	261
125	262
126	263
126	264
127	265
127	266
128	267
129	268
129	269
130	270
130	271
130	272
130	273
131	274
131	275
132	276
133	277
133	278
134	279
134	280
135	281
135	282
136	283
137	284
137	285
137	286
137	287
138	288
138	289
139	290
139	291
140	292
140	293
141	294
141	295
141	296
141	297
142	298
142	299
143	300
144	301
144	302
145	303
145	304
146	305
146	306
147	307
147	308
148	309
148	310
149	311
150	312
150	313
151	314
151	315
151	316
152	317
153	318
154	319
154	320
154	321
154	322
155	323
156	324
156	325
157	326
157	327
158	328
158	329
159	330
159	331
160	332
160	333
161	334
162	335
162	336
163	337
163	338
164	339
164	340
165	341
166	342
166	343
167	344
167	345
168	346
168	347
169	348
170	349
170	350
171	351
171	352
172	353
172	354
172	355
172	356
173	357
174	358
174	359
175	360
175	361
176	362
176	363
176	364
176	365
177	366
177	367
178	368
178	369
179	370
180	371
180	372
181	373
181	374
182	375
182	376
183	377
183	378
184	379
184	380
184	381
184	382
184	383
185	384
185	385
186	386
186	387
187	388
187	389
188	390
188	391
189	392
190	393
190	394
190	395
190	396
191	397
191	398
192	399
192	400
193	401
193	402
194	403
194	404
195	405
196	406
196	407
197	408
197	409
198	410
198	411
199	412
199	413
200	414
201	415
202	416
202	417
203	418
203	419
204	420
204	421
204	422
204	423
205	424
205	425
206	426
206	427
207	428
207	429
208	430
208	431
209	432
209	433
210	434
210	435
210	436
211	437
211	438
211	439
211	440
212	441
212	442
213	443
213	444
214	445
214	446
215	447
215	448
216	449
216	450
216	451
217	452
217	453
217	454
218	455
218	456
219	457
219	458
220	459
220	460
221	461
221	462
222	463
223	464
223	465
223	466
224	467
224	468
225	469
225	470
226	471
226	472
227	473
227	474
228	475
228	476
228	477
229	478
229	479
230	480
230	481
230	482
230	483
230	484
231	485
232	486
232	487
233	488
233	489
234	490
234	491
235	492
235	493
236	494
236	495
237	496
237	497
238	498
238	499
239	500
239	501
240	502
240	503
241	504
241	505
242	506
242	507
243	508
243	509
243	510
244	511
244	512
245	513
245	514
246	515
246	516
247	517
248	518
248	519
248	520
249	521
249	522
250	523
250	524
251	525
251	526
252	527
252	528
253	529
253	530
253	531
254	532
254	533
255	534
255	535
256	536
256	537
257	538
257	539
258	540
258	541
259	542
259	543
260	544
260	545
261	546
261	547
261	548
261	549
262	550
262	551
262	552
263	553
263	554
264	555
264	556
265	557
265	558
266	559
266	560
266	561
266	562
267	563
267	564
267	565
268	566
268	567
269	568
269	569
270	570
270	571
271	572
271	573
272	574
272	575
273	576
273	577
274	578
274	579
275	580
275	581
276	582
276	583
277	584
277	585
278	586
278	587
279	588
279	589
280	590
280	591
281	592
281	593
282	594
282	595
283	596
283	597
284	598
285	599
285	600
286	601
286	602
287	603
288	604
288	605
289	606
289	607
289	608
289	609
290	610
290	611
290	612
290	613
291	614
291	615
291	616
291	617
292	618
292	619
293	620
293	621
294	622
295	623
295	624
296	625
296	626
296	627
296	628
297	629
297	630
297	631
298	632
298	633
299	634
300	635
301	636
301	637
302	638
302	639
303	640
303	641
304	642
304	643
305	644
305	645
306	646
306	647
306	648
306	649
307	650
308	651
308	652
309	653
309	654
310	655
311	656
312	657
313	658
313	659
314	660
314	661
315	662
315	663
316	664
316	665
317	666
317	667
318	668
318	669
318	670
318	671
319	672
319	673
320	674
320	675
321	676
321	677
322	678
322	679
323	680
323	681
324	682
324	683
324	684
324	685
325	686
325	687
326	688
326	689
327	690
327	691
328	692
328	693
328	694
329	695
330	696
331	697
331	698
331	699
331	700
331	701
332	702
332	703
332	704
333	705
333	706
334	707
334	708
335	709
335	710
335	711
335	712
336	713
336	714
337	715
337	716
338	717
339	718
339	719
340	720
341	721
342	722
342	723
343	724
344	725
344	726
344	727
344	728
345	729
345	730
346	731
346	732
347	733
347	734
348	735
348	736
349	737
349	738
350	739
350	740
351	741
351	742
352	743
352	744
353	745
353	746
354	747
354	748
355	749
355	750
356	751
356	752
356	753
357	754
357	755
358	756
358	757
359	758
359	759
359	760
359	761
360	762
360	763
361	764
362	765
362	766
363	767
363	768
364	769
364	770
364	771
364	772
365	773
365	774
366	775
366	776
367	777
367	778
368	779
369	780
370	781
370	782
371	783
371	784
372	785
372	786
373	787
373	788
373	789
373	790
374	791
374	792
375	793
376	794
376	795
376	796
376	797
377	798
377	799
377	800
377	801
378	802
378	803
379	804
379	805
380	806
381	807
381	808
382	809
383	810
383	811
384	812
384	813
385	814
385	815
386	816
386	817
386	818
386	819
386	820
387	821
387	822
387	823
387	824
388	825
388	826
389	827
389	828
390	829
391	830
391	831
392	832
392	833
393	834
393	835
393	836
393	837
394	838
394	839
395	840
395	841
396	842
397	843
397	844
398	845
398	846
398	847
399	848
399	849
400	850
401	851
402	852
402	853
403	854
404	855
404	856
405	857
406	858
407	859
407	860
408	861
408	862
409	863
409	864
410	865
410	866
410	867
410	868
410	869
411	870
411	871
412	872
412	873
413	874
413	875
414	876
414	877
414	878
414	879
415	880
415	881
416	882
416	883
417	884
418	885
418	886
419	887
419	888
420	889
420	890
420	891
420	892
421	893
421	894
422	895
422	896
423	897
424	898
425	899
425	900
425	901
425	902
426	903
426	904
426	905
426	906
427	907
427	908
428	909
429	910
430	911
430	912
430	913
430	914
431	915
431	916
432	917
432	918
432	919
432	920
433	921
433	922
434	923
434	924
435	925
435	926
435	927
435	928
436	929
436	930
437	931
438	932
438	933
438	934
438	935
439	936
439	937
440	938
440	939
441	940
441	941
442	942
442	943
442	944
442	945
443	946
443	947
444	948
445	949
445	950
445	951
445	952
446	953
446	954
447	955
447	956
447	957
447	958
448	959
448	960
448	961
448	962
449	963
449	964
449	965
450	966
450	967
451	968
451	969
452	970
452	971
453	972
453	973
454	974
454	975
454	976
455	977
456	978
456	979
456	980
457	981
457	982
458	983
458	984
458	985
458	986
459	987
459	988
460	989
460	990
461	991
461	992
462	993
462	994
463	995
463	996
463	997
464	998
465	999
465	1000
465	1001
465	1002
466	1003
466	1004
467	1005
468	1006
468	1007
469	1008
470	1009
470	1010
470	1011
470	1012
