AAnr	Atomnr
1	1
2	3
3	4
4	6
5	8
6	11
7	13
8	15
9	17
10	18
11	20
12	22
13	26
14	27
15	29
16	31
17	33
18	34
19	36
20	38
21	39
22	41
23	45
24	47
25	51
26	52
27	56
28	58
29	60
30	61
31	63
32	65
33	67
34	68
35	70
36	72
37	75
38	77
39	79
40	82
41	84
42	88
43	90
44	92
45	95
46	97
47	99
48	101
49	103
50	106
51	107
52	109
53	110
54	112
55	114
56	116
57	118
58	120
59	122
60	124
61	126
62	128
63	130
64	135
65	137
66	139
67	141
68	143
69	144
70	146
71	150
72	152
73	154
74	155
75	156
76	158
77	160
78	161
79	163
80	167
81	169
82	171
83	172
84	174
85	178
86	180
87	182
88	185
89	189
90	190
91	193
92	196
93	198
94	200
95	202
96	204
97	206
98	208
99	210
100	212
101	214
102	215
103	217
104	219
105	220
106	221
107	223
108	227
109	229
110	230
111	232
112	234
113	237
114	239
115	240
116	243
117	245
118	247
119	249
120	251
121	253
122	255
123	257
124	258
125	261
126	263
127	265
128	267
129	268
130	270
131	274
132	276
133	277
134	279
135	281
136	283
137	284
138	288
139	290
140	292
141	294
142	298
143	300
144	301
145	303
146	305
147	307
148	309
149	311
150	312
151	314
152	317
153	318
154	319
155	323
156	324
157	326
158	328
159	330
160	332
161	334
162	335
163	337
164	339
165	341
166	342
167	344
168	346
169	348
170	349
171	351
172	353
173	357
174	358
175	360
176	362
177	366
178	368
179	370
180	371
181	373
182	375
183	377
184	379
185	384
186	386
187	388
188	390
189	392
190	393
191	397
192	399
193	401
194	403
195	405
196	406
197	408
198	410
199	412
200	414
201	415
202	416
203	418
204	420
205	424
206	426
207	428
208	430
209	432
210	434
211	437
212	441
213	443
214	445
215	447
216	449
217	452
218	455
219	457
220	459
221	461
222	463
223	464
224	467
225	469
226	471
227	473
228	475
229	478
230	480
231	485
232	486
233	488
234	490
235	492
236	494
237	496
238	498
239	500
240	502
241	504
242	506
243	508
244	511
245	513
246	515
247	517
248	518
249	521
250	523
251	525
252	527
253	529
254	532
255	534
256	536
257	538
258	540
259	542
260	544
261	546
262	550
263	553
264	555
265	557
266	559
267	563
268	566
269	568
270	570
271	572
272	574
273	576
274	578
275	580
276	582
277	584
278	586
279	588
280	590
281	592
282	594
283	596
284	598
285	599
286	601
287	603
288	604
289	606
290	610
291	614
292	618
293	620
294	622
295	623
296	625
297	629
298	632
299	634
300	635
301	636
302	638
303	640
304	642
305	644
306	646
307	650
308	651
309	653
310	655
311	656
312	657
313	658
314	660
315	662
316	664
317	666
318	668
319	672
320	674
321	676
322	678
323	680
324	682
325	686
326	688
327	690
328	692
329	695
330	696
331	697
332	700
333	703
334	705
335	707
336	711
337	713
338	715
339	716
340	718
341	719
342	720
343	722
344	723
345	727
346	729
347	731
348	733
349	735
350	737
351	739
352	741
353	743
354	745
355	747
356	749
357	752
358	754
359	756
360	760
361	762
362	763
363	765
364	767
365	771
366	773
367	775
368	777
369	778
370	779
371	781
372	783
373	785
374	789
375	791
376	792
377	796
378	800
379	802
380	804
381	805
382	807
383	808
384	810
385	812
386	814
387	819
388	823
389	825
390	827
391	828
392	830
393	832
394	836
395	838
396	840
397	841
398	843
399	846
400	848
401	849
402	850
403	852
404	853
405	855
406	856
407	857
408	859
409	861
410	863
411	868
412	870
413	872
414	874
415	878
416	880
417	882
418	883
419	885
420	887
421	891
422	893
423	895
424	896
425	897
426	901
427	905
428	907
429	908
430	909
431	913
432	915
433	919
434	921
435	923
436	927
437	929
438	930
439	934
440	936
441	938
442	940
443	944
444	946
445	947
446	951
447	953
448	957
449	961
450	964
451	966
452	968
453	970
454	972
455	975
456	976
457	979
458	981
459	985
460	987
461	989
462	991
463	993
464	996
465	997
466	1001
467	1003
468	1004
469	1006
470	1007
