Aanr	Atomnr
1	1
1	2
2	3
3	4
3	5
4	6
4	7
5	8
5	9
5	10
6	11
6	12
7	13
7	14
8	15
8	16
9	17
10	18
10	19
11	20
11	21
12	22
12	23
12	24
12	25
13	26
14	27
14	28
15	29
15	30
16	31
16	32
17	33
18	34
18	35
19	36
19	37
20	38
21	39
21	40
22	41
22	42
22	43
22	44
23	45
23	46
24	47
24	48
24	49
24	50
25	51
26	52
26	53
26	54
26	55
27	56
27	57
28	58
28	59
29	60
30	61
30	62
31	63
31	64
32	65
32	66
33	67
34	68
34	69
35	70
35	71
36	72
36	73
36	74
37	75
37	76
38	77
38	78
39	79
39	80
39	81
40	82
40	83
41	84
41	85
41	86
41	87
42	88
42	89
43	90
43	91
44	92
44	93
44	94
45	95
45	96
46	97
46	98
47	99
47	100
48	101
48	102
49	103
49	104
49	105
50	106
51	107
51	108
52	109
53	110
53	111
54	112
54	113
55	114
55	115
56	116
56	117
57	118
57	119
58	120
58	121
59	122
59	123
60	124
60	125
61	126
61	127
62	128
62	129
63	130
63	131
63	132
63	133
63	134
64	135
64	136
65	137
65	138
66	139
66	140
67	141
67	142
68	143
69	144
69	145
70	146
70	147
70	148
70	149
71	150
71	151
72	152
72	153
73	154
74	155
75	156
75	157
76	158
76	159
77	160
78	161
78	162
79	163
79	164
79	165
79	166
80	167
80	168
81	169
81	170
82	171
83	172
83	173
84	174
84	175
84	176
84	177
85	178
85	179
86	180
86	181
87	182
87	183
87	184
88	185
88	186
88	187
88	188
89	189
89	190
90	191
90	192
90	193
91	194
91	195
91	196
92	197
92	198
93	199
93	200
94	201
94	202
95	203
95	204
96	205
96	206
97	207
97	208
98	209
98	210
99	211
99	212
100	213
100	214
101	215
102	216
102	217
103	218
103	219
104	220
105	221
106	222
106	223
107	224
107	225
107	226
107	227
108	228
108	229
109	230
110	231
110	232
111	233
111	234
112	235
112	236
112	237
113	238
113	239
114	240
115	241
115	242
115	243
116	244
116	245
117	246
117	247
118	248
118	249
119	250
119	251
120	252
120	253
121	254
121	255
122	256
122	257
123	258
124	259
124	260
124	261
125	262
125	263
126	264
126	265
127	266
127	267
128	268
129	269
129	270
130	271
130	272
130	273
130	274
131	275
131	276
132	277
133	278
133	279
134	280
134	281
135	282
135	283
136	284
137	285
137	286
137	287
137	288
138	289
138	290
139	291
139	292
140	293
140	294
141	295
141	296
141	297
141	298
142	299
142	300
143	301
144	302
144	303
145	304
145	305
146	306
146	307
147	308
147	309
148	310
148	311
149	312
150	313
150	314
151	315
151	316
151	317
152	318
153	319
154	320
154	321
154	322
154	323
155	324
156	325
156	326
157	327
157	328
158	329
158	330
159	331
159	332
160	333
160	334
161	335
162	336
162	337
163	338
163	339
164	340
164	341
165	342
166	343
166	344
167	345
167	346
168	347
168	348
169	349
170	350
170	351
171	352
171	353
172	354
172	355
172	356
172	357
173	358
174	359
174	360
175	361
175	362
176	363
176	364
176	365
176	366
177	367
177	368
178	369
178	370
179	371
180	372
180	373
181	374
181	375
182	376
182	377
183	378
183	379
184	380
184	381
184	382
184	383
184	384
185	385
185	386
186	387
186	388
187	389
187	390
188	391
188	392
189	393
190	394
190	395
190	396
190	397
191	398
191	399
192	400
192	401
193	402
193	403
194	404
194	405
195	406
196	407
196	408
197	409
197	410
198	411
198	412
199	413
199	414
200	415
201	416
202	417
202	418
203	419
203	420
204	421
204	422
204	423
204	424
205	425
205	426
206	427
206	428
207	429
207	430
208	431
208	432
209	433
209	434
210	435
210	436
210	437
211	438
211	439
211	440
211	441
212	442
212	443
213	444
213	445
214	446
214	447
215	448
215	449
216	450
216	451
216	452
217	453
217	454
217	455
218	456
218	457
219	458
219	459
220	460
220	461
221	462
221	463
222	464
223	465
223	466
223	467
224	468
224	469
225	470
225	471
226	472
226	473
227	474
227	475
228	476
228	477
228	478
229	479
229	480
230	481
230	482
230	483
230	484
230	485
231	486
232	487
232	488
233	489
233	490
234	491
234	492
235	493
235	494
236	495
236	496
237	497
237	498
238	499
238	500
239	501
239	502
240	503
240	504
241	505
241	506
242	507
242	508
243	509
243	510
243	511
244	512
244	513
245	514
245	515
246	516
246	517
247	518
248	519
248	520
248	521
249	522
249	523
250	524
250	525
251	526
251	527
252	528
252	529
253	530
253	531
253	532
254	533
254	534
255	535
255	536
256	537
256	538
257	539
257	540
258	541
258	542
259	543
259	544
260	545
260	546
261	547
261	548
261	549
261	550
262	551
262	552
262	553
263	554
263	555
264	556
264	557
265	558
265	559
266	560
266	561
266	562
266	563
267	564
267	565
267	566
268	567
268	568
269	569
269	570
270	571
270	572
271	573
271	574
272	575
272	576
273	577
273	578
274	579
274	580
275	581
275	582
276	583
276	584
277	585
277	586
278	587
278	588
279	589
279	590
280	591
280	592
281	593
281	594
282	595
282	596
283	597
283	598
284	599
285	600
285	601
286	602
286	603
287	604
288	605
288	606
289	607
289	608
289	609
289	610
290	611
290	612
290	613
290	614
291	615
291	616
291	617
291	618
292	619
292	620
293	621
293	622
294	623
295	624
295	625
296	626
296	627
296	628
296	629
297	630
297	631
297	632
298	633
298	634
299	635
300	636
301	637
301	638
302	639
302	640
303	641
303	642
304	643
304	644
305	645
305	646
306	647
306	648
306	649
306	650
307	651
308	652
308	653
309	654
309	655
310	656
311	657
312	658
313	659
313	660
314	661
314	662
315	663
315	664
316	665
316	666
317	667
317	668
318	669
318	670
318	671
318	672
319	673
319	674
320	675
320	676
321	677
321	678
322	679
322	680
323	681
323	682
324	683
324	684
324	685
324	686
325	687
325	688
326	689
326	690
327	691
327	692
328	693
328	694
328	695
329	696
330	697
331	698
331	699
331	700
332	701
332	702
332	703
333	704
333	705
334	706
334	707
335	708
335	709
335	710
335	711
336	712
336	713
337	714
337	715
338	716
339	717
339	718
340	719
341	720
342	721
342	722
343	723
344	724
344	725
344	726
344	727
345	728
345	729
346	730
346	731
347	732
347	733
348	734
348	735
349	736
349	737
350	738
350	739
351	740
351	741
352	742
352	743
353	744
353	745
354	746
354	747
355	748
355	749
356	750
356	751
356	752
357	753
357	754
358	755
358	756
359	757
359	758
359	759
359	760
360	761
360	762
361	763
362	764
362	765
363	766
363	767
364	768
364	769
364	770
364	771
365	772
365	773
366	774
366	775
367	776
367	777
368	778
369	779
370	780
370	781
371	782
371	783
372	784
372	785
373	786
373	787
373	788
373	789
374	790
374	791
375	792
376	793
376	794
376	795
376	796
377	797
377	798
377	799
377	800
378	801
378	802
379	803
379	804
380	805
381	806
381	807
382	808
383	809
383	810
384	811
384	812
385	813
385	814
386	815
386	816
386	817
386	818
386	819
387	820
387	821
387	822
387	823
388	824
388	825
389	826
389	827
390	828
391	829
391	830
392	831
392	832
393	833
393	834
393	835
393	836
394	837
394	838
395	839
395	840
396	841
397	842
397	843
398	844
398	845
398	846
399	847
399	848
400	849
401	850
402	851
402	852
403	853
404	854
404	855
405	856
406	857
407	858
407	859
408	860
408	861
409	862
409	863
410	864
410	865
410	866
410	867
410	868
411	869
411	870
412	871
412	872
413	873
413	874
414	875
414	876
414	877
414	878
415	879
415	880
416	881
416	882
417	883
418	884
418	885
419	886
419	887
420	888
420	889
420	890
420	891
421	892
421	893
422	894
422	895
423	896
424	897
425	898
425	899
425	900
425	901
426	902
426	903
426	904
426	905
427	906
427	907
428	908
429	909
430	910
430	911
430	912
430	913
431	914
431	915
432	916
432	917
432	918
432	919
433	920
433	921
434	922
434	923
435	924
435	925
435	926
435	927
436	928
436	929
437	930
438	931
438	932
438	933
438	934
439	935
439	936
440	937
440	938
441	939
441	940
442	941
442	942
442	943
442	944
443	945
443	946
444	947
445	948
445	949
445	950
445	951
446	952
446	953
447	954
447	955
447	956
447	957
448	958
448	959
448	960
448	961
449	962
449	963
449	964
450	965
450	966
451	967
451	968
452	969
452	970
453	971
453	972
454	973
454	974
454	975
455	976
456	977
456	978
456	979
457	980
457	981
458	982
458	983
458	984
458	985
459	986
459	987
460	988
460	989
461	990
461	991
462	992
462	993
463	994
463	995
463	996
464	997
465	998
465	999
465	1000
465	1001
466	1002
466	1003
467	1004
468	1005
468	1006
469	1007
470	1008
470	1009
470	1010
470	1011