AAnr	Atomnr
9	1
10	3
11	4
12	7
13	9
14	11
15	13
16	14
17	16
18	17
19	18
20	19
21	21
22	23
23	24
24	26
25	28
26	30
27	34
28	35
29	39
30	41
31	43
32	44
33	46
34	48
35	50
36	51
37	53
38	55
39	58
40	60
41	62
42	64
43	66
44	70
45	74
46	76
47	78
48	80
49	85
50	87
51	91
52	94
53	98
54	99
55	101
56	103
57	105
58	107
59	109
60	111
61	113
62	115
63	117
64	119
65	121
66	126
67	128
68	130
69	132
70	134
71	135
72	137
73	141
74	143
75	145
76	146
77	147
78	149
79	151
80	152
81	154
82	158
83	160
84	162
85	163
86	165
87	169
88	171
89	173
90	176
91	180
92	181
93	184
94	187
95	189
96	191
97	193
98	195
99	197
100	199
101	201
102	203
103	205
104	206
105	210
106	212
107	214
108	215
109	217
110	219
111	221
112	222
113	226
114	228
115	231
116	233
117	234
118	237
119	239
120	243
121	245
122	247
123	249
124	251
125	253
126	254
127	257
128	261
129	263
130	265
131	266
132	268
133	272
134	274
135	275
136	277
137	279
138	281
139	282
140	286
141	288
142	290
143	292
144	296
145	298
146	299
147	301
148	303
149	305
150	307
151	309
152	310
153	312
154	315
155	316
156	317
157	319
158	320
159	322
160	324
161	328
162	330
163	332
164	333
165	335
166	337
167	339
168	340
169	342
170	344
171	346
172	347
173	349
174	351
175	355
176	356
177	358
178	360
179	362
180	364
181	366
182	367
183	369
184	372
185	374
186	376
187	381
188	383
189	385
190	387
191	389
192	391
193	393
194	395
195	399
196	401
197	403
198	404
199	406
200	408
201	410
202	412
203	414
204	416
205	418
206	420
207	424
208	426
209	428
210	430
211	432
212	434
213	437
214	441
215	443
216	445
217	447
218	449
219	452
220	454
221	456
222	458
223	460
224	463
225	464
226	467
227	469
228	471
229	473
230	476
231	479
232	481
233	484
234	485
235	487
236	488
237	490
238	492
239	494
240	498
241	500
242	502
243	504
244	506
245	508
246	511
247	513
248	515
249	517
250	520
251	522
252	524
253	526
254	529
255	531
256	534
257	537
258	539
259	541
260	543
261	545
262	547
263	549
264	553
265	556
266	558
267	560
268	561
269	565
270	568
271	570
272	572
273	574
274	576
275	578
276	579
277	581
278	583
279	585
280	587
281	589
282	591
283	593
284	595
285	597
286	599
287	600
288	602
289	604
290	605
291	607
292	611
293	615
294	619
295	621
296	623
297	625
298	627
299	631
300	633
301	636
302	637
303	638
304	640
305	642
306	644
307	646
308	648
309	652
310	653
311	655
312	657
313	658
314	660
315	661
316	663
317	665
318	667
319	669
320	670
321	674
322	676
323	678
324	680
325	682
326	684
327	688
328	690
329	692
330	694
331	697
332	698
333	699
334	702
335	705
336	707
337	709
338	713
339	715
340	717
341	718
342	720
343	721
344	722
345	724
346	725
347	726
348	728
349	729
350	731
351	733
352	735
353	737
354	739
355	740
356	742
357	743
358	745
359	747
360	749
361	751
362	753
363	755
364	760
365	762
366	764
367	768
368	770
369	772
370	774
371	776
372	777
373	779
374	783
375	784
376	788
377	790
378	791
379	795
380	799
381	801
382	803
383	804
384	806
385	807
386	809
387	811
388	813
389	818
390	822
391	824
392	826
393	827
394	829
395	831
396	835
397	837
398	839
399	840
400	842
401	845
402	847
403	848
404	849
405	851
406	852
407	854
408	855
409	856
410	860
411	862
412	864
413	869
414	871
415	873
416	875
417	879
418	881
419	883
420	884
421	886
422	888
423	892
424	894
425	898
426	900
427	902
428	904
429	906
430	908
431	909
432	911
433	915
434	917
435	921
436	923
437	925
438	929
439	931
440	933
441	935
442	937
443	939
444	941
445	945
446	949
447	951
448	955
449	957
450	961
451	965
452	968
453	970
454	972
455	974
