AAnr	Atomnr
9	1
9	2
10	3
11	4
11	5
11	6
12	7
12	8
13	9
13	10
14	11
14	12
15	13
16	14
16	15
17	16
18	17
19	18
20	19
20	20
21	21
21	22
22	23
23	24
23	25
24	26
24	27
25	28
25	29
26	30
26	31
26	32
26	33
27	34
28	35
28	36
28	37
28	38
29	39
29	40
30	41
30	42
31	43
32	44
32	45
33	46
33	47
34	48
34	49
35	50
36	51
36	52
37	53
37	54
38	55
38	56
38	57
39	58
39	59
40	60
40	61
41	62
41	63
42	64
42	65
43	66
43	67
43	68
43	69
44	70
44	71
44	72
44	73
45	74
45	75
46	76
46	77
47	78
47	79
48	80
48	81
48	82
48	83
48	84
49	85
49	86
50	87
50	88
50	89
50	90
51	91
51	92
51	93
52	94
52	95
52	96
52	97
53	98
54	99
54	100
55	101
55	102
56	103
56	104
57	105
57	106
58	107
58	108
59	109
59	110
60	111
60	112
61	113
61	114
62	115
62	116
63	117
63	118
64	119
64	120
65	121
65	122
65	123
65	124
65	125
66	126
66	127
67	128
67	129
68	130
68	131
69	132
69	133
70	134
71	135
71	136
72	137
72	138
72	139
72	140
73	141
73	142
74	143
74	144
75	145
76	146
77	147
77	148
78	149
78	150
79	151
80	152
80	153
81	154
81	155
81	156
81	157
82	158
82	159
83	160
83	161
84	162
85	163
85	164
86	165
86	166
86	167
86	168
87	169
87	170
88	171
88	172
89	173
89	174
89	175
90	176
90	177
90	178
90	179
91	180
91	181
92	182
92	183
92	184
93	185
93	186
93	187
94	188
94	189
95	190
95	191
96	192
96	193
97	194
97	195
98	196
98	197
99	198
99	199
100	200
100	201
101	202
101	203
102	204
102	205
103	206
104	207
104	208
104	209
104	210
105	211
105	212
106	213
106	214
107	215
108	216
108	217
109	218
109	219
110	220
110	221
111	222
112	223
112	224
112	225
112	226
113	227
113	228
114	229
114	230
114	231
115	232
115	233
116	234
117	235
117	236
117	237
118	238
118	239
119	240
119	241
119	242
119	243
120	244
120	245
121	246
121	247
122	248
122	249
123	250
123	251
124	252
124	253
125	254
126	255
126	256
126	257
127	258
127	259
127	260
127	261
128	262
128	263
129	264
129	265
130	266
131	267
131	268
132	269
132	270
132	271
132	272
133	273
133	274
134	275
135	276
135	277
136	278
136	279
137	280
137	281
138	282
139	283
139	284
139	285
139	286
140	287
140	288
141	289
141	290
142	291
142	292
143	293
143	294
143	295
143	296
144	297
144	298
145	299
146	300
146	301
147	302
147	303
148	304
148	305
149	306
149	307
150	308
150	309
151	310
152	311
152	312
153	313
153	314
153	315
154	316
155	317
156	318
156	319
157	320
158	321
158	322
159	323
159	324
160	325
160	326
160	327
160	328
161	329
161	330
162	331
162	332
163	333
164	334
164	335
165	336
165	337
166	338
166	339
167	340
168	341
168	342
169	343
169	344
170	345
170	346
171	347
172	348
172	349
173	350
173	351
174	352
174	353
174	354
174	355
175	356
176	357
176	358
177	359
177	360
178	361
178	362
179	363
179	364
180	365
180	366
181	367
182	368
182	369
183	370
183	371
183	372
184	373
184	374
185	375
185	376
186	377
186	378
186	379
186	380
186	381
187	382
187	383
188	384
188	385
189	386
189	387
190	388
190	389
191	390
191	391
192	392
192	393
193	394
193	395
194	396
194	397
194	398
194	399
195	400
195	401
196	402
196	403
197	404
198	405
198	406
199	407
199	408
200	409
200	410
201	411
201	412
202	413
202	414
203	415
203	416
204	417
204	418
205	419
205	420
206	421
206	422
206	423
206	424
207	425
207	426
208	427
208	428
209	429
209	430
210	431
210	432
211	433
211	434
212	435
212	436
212	437
213	438
213	439
213	440
213	441
214	442
214	443
215	444
215	445
216	446
216	447
217	448
217	449
218	450
218	451
218	452
219	453
219	454
220	455
220	456
221	457
221	458
222	459
222	460
223	461
223	462
223	463
224	464
225	465
225	466
225	467
226	468
226	469
227	470
227	471
228	472
228	473
229	474
229	475
229	476
230	477
230	478
230	479
231	480
231	481
232	482
232	483
232	484
233	485
234	486
234	487
235	488
236	489
236	490
237	491
237	492
238	493
238	494
239	495
239	496
239	497
239	498
240	499
240	500
241	501
241	502
242	503
242	504
243	505
243	506
244	507
244	508
245	509
245	510
245	511
246	512
246	513
247	514
247	515
248	516
248	517
249	518
249	519
249	520
250	521
250	522
251	523
251	524
252	525
252	526
253	527
253	528
253	529
254	530
254	531
255	532
255	533
255	534
256	535
256	536
256	537
257	538
257	539
258	540
258	541
259	542
259	543
260	544
260	545
261	546
261	547
262	548
262	549
263	550
263	551
263	552
263	553
264	554
264	555
264	556
265	557
265	558
266	559
266	560
267	561
268	562
268	563
268	564
268	565
269	566
269	567
269	568
270	569
270	570
271	571
271	572
272	573
272	574
273	575
273	576
274	577
274	578
275	579
276	580
276	581
277	582
277	583
278	584
278	585
279	586
279	587
280	588
280	589
281	590
281	591
282	592
282	593
283	594
283	595
284	596
284	597
285	598
285	599
286	600
287	601
287	602
288	603
288	604
289	605
290	606
290	607
291	608
291	609
291	610
291	611
292	612
292	613
292	614
292	615
293	616
293	617
293	618
293	619
294	620
294	621
295	622
295	623
296	624
296	625
297	626
297	627
298	628
298	629
298	630
298	631
299	632
299	633
300	634
300	635
300	636
301	637
302	638
303	639
303	640
304	641
304	642
305	643
305	644
306	645
306	646
307	647
307	648
308	649
308	650
308	651
308	652
309	653
310	654
310	655
311	656
311	657
312	658
313	659
313	660
314	661
315	662
315	663
316	664
316	665
317	666
317	667
318	668
318	669
319	670
320	671
320	672
320	673
320	674
321	675
321	676
322	677
322	678
323	679
323	680
324	681
324	682
325	683
325	684
326	685
326	686
326	687
326	688
327	689
327	690
328	691
328	692
329	693
329	694
330	695
330	696
330	697
331	698
332	699
333	700
333	701
333	702
334	703
334	704
334	705
335	706
335	707
336	708
336	709
337	710
337	711
337	712
337	713
338	714
338	715
339	716
339	717
340	718
341	719
341	720
342	721
343	722
344	723
344	724
345	725
346	726
347	727
347	728
348	729
349	730
349	731
350	732
350	733
351	734
351	735
352	736
352	737
353	738
353	739
354	740
355	741
355	742
356	743
357	744
357	745
358	746
358	747
359	748
359	749
360	750
360	751
361	752
361	753
362	754
362	755
363	756
363	757
363	758
363	759
363	760
364	761
364	762
365	763
365	764
366	765
366	766
366	767
366	768
367	769
367	770
368	771
368	772
369	773
369	774
370	775
370	776
371	777
372	778
372	779
373	780
373	781
373	782
373	783
374	784
375	785
375	786
375	787
375	788
376	789
376	790
377	791
378	792
378	793
378	794
378	795
379	796
379	797
379	798
379	799
380	800
380	801
381	802
381	803
382	804
383	805
383	806
384	807
385	808
385	809
386	810
386	811
387	812
387	813
388	814
388	815
388	816
388	817
388	818
389	819
389	820
389	821
389	822
390	823
390	824
391	825
391	826
392	827
393	828
393	829
394	830
394	831
395	832
395	833
395	834
395	835
396	836
396	837
397	838
397	839
398	840
399	841
399	842
400	843
400	844
400	845
401	846
401	847
402	848
403	849
404	850
404	851
405	852
406	853
406	854
407	855
408	856
409	857
409	858
409	859
409	860
410	861
410	862
411	863
411	864
412	865
412	866
412	867
412	868
412	869
413	870
413	871
414	872
414	873
415	874
415	875
416	876
416	877
416	878
416	879
417	880
417	881
418	882
418	883
419	884
420	885
420	886
421	887
421	888
422	889
422	890
422	891
422	892
423	893
423	894
424	895
424	896
424	897
424	898
425	899
425	900
426	901
426	902
427	903
427	904
428	905
428	906
429	907
429	908
430	909
431	910
431	911
432	912
432	913
432	914
432	915
433	916
433	917
434	918
434	919
434	920
434	921
435	922
435	923
436	924
436	925
437	926
437	927
437	928
437	929
438	930
438	931
439	932
439	933
440	934
440	935
441	936
441	937
442	938
442	939
443	940
443	941
444	942
444	943
444	944
444	945
445	946
445	947
445	948
445	949
446	950
446	951
447	952
447	953
447	954
447	955
448	956
448	957
449	958
449	959
449	960
449	961
450	962
450	963
450	964
450	965
451	966
451	967
451	968
452	969
452	970
453	971
453	972
454	973
454	974
455	975
455	976
