AAnr	Atomnr
9	1
9	2
10	3
11	4
11	5
11	6
12	7
12	8
13	9
13	10
14	11
14	12
15	13
16	14
16	15
17	16
18	17
19	18
20	19
20	20
21	21
21	22
22	23
23	24
23	25
24	26
24	27
25	28
25	29
26	30
26	31
26	32
26	33
27	34
28	35
28	36
28	37
28	38
29	39
29	40
30	41
30	42
31	43
32	44
32	45
33	46
33	47
34	48
34	49
35	50
36	51
36	52
37	53
37	54
38	55
38	56
38	57
39	58
39	59
40	60
40	61
41	62
41	63
42	64
42	65
43	66
43	67
43	68
43	69
44	70
44	71
44	72
44	73
45	74
45	75
46	76
46	77
47	78
47	79
48	80
48	81
48	82
48	83
48	84
49	85
49	86
50	87
50	88
50	89
50	90
51	91
51	92
51	93
52	94
52	95
52	96
52	97
53	98
54	99
54	100
55	101
55	102
56	103
56	104
57	105
57	106
58	107
58	108
59	109
59	110
60	111
60	112
61	113
61	114
62	115
62	116
63	117
63	118
64	119
64	120
65	121
65	122
65	123
65	124
65	125
66	126
66	127
67	128
67	129
68	130
68	131
69	132
69	133
70	134
71	135
71	136
72	137
72	138
72	139
72	140
73	141
73	142
74	143
74	144
75	145
76	146
77	147
77	148
78	149
78	150
79	151
80	152
80	153
81	154
81	155
81	156
81	157
82	158
82	159
83	160
83	161
84	162
85	163
85	164
86	165
86	166
86	167
86	168
87	169
87	170
88	171
88	172
89	173
89	174
89	175
90	176
90	177
90	178
90	179
91	180
92	181
92	182
92	183
93	184
93	185
93	186
94	187
94	188
95	189
95	190
96	191
96	192
97	193
97	194
98	195
98	196
99	197
99	198
100	199
100	200
101	201
101	202
102	203
102	204
103	205
104	206
104	207
104	208
104	209
105	210
105	211
106	212
106	213
107	214
108	215
108	216
109	217
109	218
110	219
110	220
111	221
112	222
112	223
112	224
112	225
113	226
113	227
114	228
114	229
114	230
115	231
115	232
116	233
117	234
117	235
117	236
118	237
118	238
119	239
119	240
119	241
119	242
120	243
120	244
121	245
121	246
122	247
122	248
123	249
123	250
124	251
124	252
125	253
126	254
126	255
126	256
127	257
127	258
127	259
127	260
128	261
128	262
129	263
129	264
130	265
131	266
131	267
132	268
132	269
132	270
132	271
133	272
133	273
134	274
135	275
135	276
136	277
136	278
137	279
137	280
138	281
139	282
139	283
139	284
139	285
140	286
140	287
141	288
141	289
142	290
142	291
143	292
143	293
143	294
143	295
144	296
144	297
145	298
146	299
146	300
147	301
147	302
148	303
148	304
149	305
149	306
150	307
150	308
151	309
152	310
152	311
153	312
153	313
153	314
154	315
155	316
156	317
156	318
157	319
158	320
158	321
159	322
159	323
160	324
160	325
160	326
160	327
161	328
161	329
162	330
162	331
163	332
164	333
164	334
165	335
165	336
166	337
166	338
167	339
168	340
168	341
169	342
169	343
170	344
170	345
171	346
172	347
172	348
173	349
173	350
174	351
174	352
174	353
174	354
175	355
176	356
176	357
177	358
177	359
178	360
178	361
179	362
179	363
180	364
180	365
181	366
182	367
182	368
183	369
183	370
183	371
184	372
184	373
185	374
185	375
186	376
186	377
186	378
186	379
186	380
187	381
187	382
188	383
188	384
189	385
189	386
190	387
190	388
191	389
191	390
192	391
192	392
193	393
193	394
194	395
194	396
194	397
194	398
195	399
195	400
196	401
196	402
197	403
198	404
198	405
199	406
199	407
200	408
200	409
201	410
201	411
202	412
202	413
203	414
203	415
204	416
204	417
205	418
205	419
206	420
206	421
206	422
206	423
207	424
207	425
208	426
208	427
209	428
209	429
210	430
210	431
211	432
211	433
212	434
212	435
212	436
213	437
213	438
213	439
213	440
214	441
214	442
215	443
215	444
216	445
216	446
217	447
217	448
218	449
218	450
218	451
219	452
219	453
220	454
220	455
221	456
221	457
222	458
222	459
223	460
223	461
223	462
224	463
225	464
225	465
225	466
226	467
226	468
227	469
227	470
228	471
228	472
229	473
229	474
229	475
230	476
230	477
230	478
231	479
231	480
232	481
232	482
232	483
233	484
234	485
234	486
235	487
236	488
236	489
237	490
237	491
238	492
238	493
239	494
239	495
239	496
239	497
240	498
240	499
241	500
241	501
242	502
242	503
243	504
243	505
244	506
244	507
245	508
245	509
245	510
246	511
246	512
247	513
247	514
248	515
248	516
249	517
249	518
249	519
250	520
250	521
251	522
251	523
252	524
252	525
253	526
253	527
253	528
254	529
254	530
255	531
255	532
255	533
256	534
256	535
256	536
257	537
257	538
258	539
258	540
259	541
259	542
260	543
260	544
261	545
261	546
262	547
262	548
263	549
263	550
263	551
263	552
264	553
264	554
264	555
265	556
265	557
266	558
266	559
267	560
268	561
268	562
268	563
268	564
269	565
269	566
269	567
270	568
270	569
271	570
271	571
272	572
272	573
273	574
273	575
274	576
274	577
275	578
276	579
276	580
277	581
277	582
278	583
278	584
279	585
279	586
280	587
280	588
281	589
281	590
282	591
282	592
283	593
283	594
284	595
284	596
285	597
285	598
286	599
287	600
287	601
288	602
288	603
289	604
290	605
290	606
291	607
291	608
291	609
291	610
292	611
292	612
292	613
292	614
293	615
293	616
293	617
293	618
294	619
294	620
295	621
295	622
296	623
296	624
297	625
297	626
298	627
298	628
298	629
298	630
299	631
299	632
300	633
300	634
300	635
301	636
302	637
303	638
303	639
304	640
304	641
305	642
305	643
306	644
306	645
307	646
307	647
308	648
308	649
308	650
308	651
309	652
310	653
310	654
311	655
311	656
312	657
313	658
313	659
314	660
315	661
315	662
316	663
316	664
317	665
317	666
318	667
318	668
319	669
320	670
320	671
320	672
320	673
321	674
321	675
322	676
322	677
323	678
323	679
324	680
324	681
325	682
325	683
326	684
326	685
326	686
326	687
327	688
327	689
328	690
328	691
329	692
329	693
330	694
330	695
330	696
331	697
332	698
333	699
333	700
333	701
333	702
333	703
334	704
334	705
334	706
335	707
335	708
336	709
336	710
337	711
337	712
337	713
337	714
338	715
338	716
339	717
339	718
340	719
341	720
341	721
342	722
343	723
344	724
344	725
345	726
346	727
347	728
347	729
348	730
349	731
349	732
350	733
350	734
351	735
351	736
352	737
352	738
353	739
353	740
354	741
355	742
355	743
356	744
357	745
357	746
358	747
358	748
359	749
359	750
360	751
360	752
361	753
361	754
362	755
362	756
363	757
363	758
363	759
363	760
363	761
364	762
364	763
365	764
365	765
366	766
366	767
366	768
366	769
367	770
367	771
368	772
368	773
369	774
369	775
370	776
370	777
371	778
372	779
372	780
373	781
373	782
373	783
373	784
374	785
375	786
375	787
375	788
375	789
376	790
376	791
377	792
378	793
378	794
378	795
378	796
379	797
379	798
379	799
379	800
380	801
380	802
381	803
381	804
382	805
383	806
383	807
384	808
385	809
385	810
386	811
386	812
387	813
387	814
388	815
388	816
388	817
388	818
388	819
389	820
389	821
389	822
389	823
390	824
390	825
391	826
391	827
392	828
393	829
393	830
394	831
394	832
395	833
395	834
395	835
395	836
396	837
396	838
397	839
397	840
398	841
399	842
399	843
400	844
400	845
400	846
401	847
401	848
402	849
403	850
404	851
404	852
405	853
406	854
406	855
407	856
408	857
409	858
409	859
409	860
409	861
410	862
410	863
411	864
411	865
412	866
412	867
412	868
412	869
412	870
413	871
413	872
414	873
414	874
415	875
415	876
416	877
416	878
416	879
416	880
417	881
417	882
418	883
418	884
419	885
420	886
420	887
421	888
421	889
422	890
422	891
422	892
422	893
423	894
423	895
424	896
424	897
424	898
424	899
425	900
425	901
426	902
426	903
427	904
427	905
428	906
428	907
429	908
429	909
430	910
431	911
431	912
432	913
432	914
432	915
432	916
433	917
433	918
434	919
434	920
434	921
434	922
435	923
435	924
436	925
436	926
437	927
437	928
437	929
437	930
438	931
438	932
439	933
439	934
440	935
440	936
441	937
441	938
442	939
442	940
443	941
443	942
444	943
444	944
444	945
444	946
445	947
445	948
445	949
445	950
446	951
446	952
447	953
447	954
447	955
447	956
448	957
448	958
449	959
449	960
449	961
449	962
450	963
450	964
450	965
450	966
451	967
451	968
451	969
452	970
452	971
453	972
453	973
454	974
454	975
455	976
455	977
